((((((sp139:2.253048433,sp140:2.253048433)nd202:5.83611584,sp60:8.089164273)nd82:6.070423162,(sp66:8.219730901,sp76:8.219730901)nd127:5.939856533)nd67:1.731108669,(((sp163:1.522812282,(sp220:0.1145809245,sp221:0.1145809245)nd216:1.408231358)nd175:3.651930456,sp92:5.174742738)nd78:9.310475335,((sp151:1.847748859,sp152:1.847748859)nd185:2.591359905,sp104:4.439108764)nd79:10.04610931)nd68:1.40547803)nd34:23.49755095,(((((((sp136:2.279900761,sp137:2.279900761)nd154:4.089966721,sp141:6.369867482)nd149:4.126550775,(sp111:3.960099065,(sp204:0.3321563586,sp205:0.3321563586)nd190:3.627942706)nd113:6.536319192)nd66:6.118173886,(((sp83:5.656225017,(sp91:5.214649638,(sp93:5.065274519,sp94:5.065274519)nd174:0.1493751194)nd166:0.4415753789)nd146:1.414954099,(sp73:5.987396518,((sp168:1.392808922,sp169:1.392808922)nd217:0.121848077,sp164:1.514656999)nd160:4.472739519)nd147:1.083782598)nd128:1.673433728,((sp177:0.94827919,sp178:0.94827919)nd186:3.435703481,sp113:4.383982671)nd129:4.360630173)nd97:7.869979299)nd36:7.795412242,((((sp129:2.799732963,sp130:2.799732963)nd196:0.566878249,sp121:3.366611212)nd189:0.8149010968,sp106:4.181512309)nd156:14.27168401,((sp87:5.355068887,(((sp138:2.262596844,(sp173:1.180167219,sp174:1.180167219)nd205:1.082429626)nd201:0.6163698707,sp126:2.878966715)nd180:1.850488943,sp99:4.729455658)nd172:0.6256132295)nd170:0.04588420537,(sp134:2.53284111,(sp211:0.1985655907,sp212:0.1985655907)nd203:2.334275519)nd171:2.868111983)nd51:13.05224323)nd37:5.956808064)nd32:0.9713601967,((sp65:7.065567707,((sp207:0.2635687591,sp208:0.2635687591)nd157:5.760514202,(sp188:0.5970476498,(sp200:0.396369455,sp201:0.396369455)nd221:0.2006781948)nd158:5.427035311)nd148:1.041484746)nd76:7.506312651,(sp32:14.37971916,sp58:14.37971916)nd80:0.192161196)nd35:10.80948422)nd21:13.81179333,(((((sp117:3.712124631,sp118:3.712124631)nd110:6.806579644,(sp64:7.634374084,((sp161:1.558418006,sp162:1.558418006)nd195:1.816904054,sp120:3.37532206)nd141:4.259052024)nd111:2.884330191)nd90:2.910707623,sp37:13.4294119)nd24:19.38344316,((((((sp189:0.554646387,sp190:0.554646387)nd163:5.327603024,sp82:5.882249411)nd150:6.217038404,(sp55:8.584272622,((((sp209:0.2433061949,sp210:0.2433061949)nd224:0.01053447073,(sp227:0.02875776977,sp228:0.02875776977)nd225:0.2250828959)nd188:4.073159774,sp105:4.327000439)nd138:3.634583794,sp63:7.961584233)nd130:0.6226883887)nd99:3.515015194)nd74:5.1829347,(sp47:15.4082623,sp97:15.4082623)nd62:1.873960216)nd49:4.374680825,sp17:21.65690334)nd39:1.378878877,(((((sp150:1.880770892,(sp179:0.9181141073,sp180:0.9181141073)nd211:0.9626567849)nd200:1.245682164,sp123:3.126453056)nd104:8.350314002,sp43:11.47676706)nd101:0.2157063635,(sp51:8.829004261,((sp225:0.03959753172,sp226:0.03959753172)nd159:5.973900096,sp72:6.013497628)nd126:2.815506633)nd102:2.86346916)nd100:3.876808419,((sp127:2.820858209,sp128:2.820858209)nd85:10.83276781,(((sp78:5.816490606,sp79:5.816490606)nd136:2.284246092,sp57:8.100736698)nd120:0.9234667958,(sp109:3.978425671,sp110:3.978425671)nd121:5.045777823)nd86:4.629422529)nd70:1.915655818)nd60:7.466500377)nd20:9.777072843)nd8:4.554919652,(((sp45:11.13596186,(((((sp85:5.402688853,sp86:5.402688853)nd168:0.02826896733,((sp213:0.1533210613,sp214:0.1533210613)nd192:3.374429792,(sp144:2.085840055,(sp159:1.583164826,sp160:1.583164826)nd207:0.502675229)nd193:1.441910798)nd169:1.903206967)nd151:1.729241066,(sp90:5.317902149,(sp100:4.67773585,sp101:4.67773585)nd173:0.6401662992)nd152:1.842296738)nd117:3.208287222,(sp148:4.893596028,((sp165:1.49384914,sp166:1.49384914)nd209:0.4670615412,sp146:1.960910681)nd179:2.932685346)nd118:5.474890081)nd115:0.02243219163,(sp194:0.4806519852,sp195:0.4806519852)nd116:9.910266315)nd108:0.745043563)nd47:10.11885666,(((((sp184:0.8123448211,sp185:0.8123448211)nd197:2.485439505,sp122:3.297784326)nd122:5.611915716,((sp103:4.500871074,((sp196:0.4686238074,sp197:0.4686238074)nd206:1.632842066,sp143:2.101465874)nd184:2.399405201)nd181:0.1058306502,sp102:4.606701725)nd123:4.302998318)nd109:4.686546999,((sp107:4.181410197,sp108:4.181410197)nd105:7.10944515,sp95:11.29085535)nd88:2.305391694)nd58:3.980763437,(sp38:12.88640331,(sp186:0.7402646408,sp187:0.7402646408)nd165:12.14613867)nd59:4.690607172)nd48:3.677808042)nd43:15.28504624,(((sp132:2.560426815,sp133:2.560426815)nd198:0.6700802142,(sp182:0.8316191902,sp183:0.8316191902)nd199:2.398887839)nd139:4.468771486,(sp153:1.727343595,sp154:1.727343595)nd140:5.971934919)nd11:28.84058624)nd9:0.8279099527)nd7:1.825383202)nd5:0.1950891369)nd2:0.2486838349,((sp42:11.63947255,((sp84:5.480634293,((sp145:2.050788149,((sp175:1.145539754,sp176:1.145539754)nd212:0.594617145,(((sp215:0.1472634122,sp216:0.1472634122)nd222:0.3403664234,sp193:0.4876298356)nd214:1.209287382,sp155:1.696917218)nd213:0.04323968095)nd208:0.3106312499)nd176:3.004039335,(((sp181:0.9007877116,(sp191:0.5052629223,sp192:0.5052629223)nd220:0.3955247893)nd204:1.439569894,sp135:2.340357606)nd182:2.183139182,((sp206:0.3117992878,(sp217:0.137476497,sp218:0.137476497)nd223:0.1743227907)nd215:1.275568604,sp158:1.587367892)nd183:2.936128896)nd177:0.5313306963)nd167:0.4258068094)nd144:1.612438953,((sp198:0.4532252438,sp199:0.4532252438)nd191:3.427320054,sp112:3.880545298)nd145:3.212527948)nd103:4.546399304)nd38:16.24200435,(((((sp62:8.581834128,(sp156:1.591243829,sp157:1.591243829)nd132:6.990590299)nd95:3.901679411,((sp170:1.385040677,(sp202:0.3549410981,sp203:0.3549410981)nd219:1.030099579)nd124:7.523270934,sp53:8.908311611)nd119:3.575201928)nd94:5.884584918,((sp222:0.09464827237,(sp223:0.07834675332,sp224:0.07834675332)nd227:0.01630151905)nd226:0.04277477218,sp219:0.1374230445)nd210:18.23067541)nd41:4.632366157,(((sp74:5.918901254,(sp88:5.33770874,sp89:5.33770874)nd161:0.581192514)nd114:6.856355272,(sp115:3.776994321,sp116:3.776994321)nd93:8.998262205)nd84:2.014251516,sp30:14.78950804)nd42:8.210956573)nd30:3.38586537,((sp119:3.521737341,(sp171:1.259249179,sp172:1.259249179)nd218:2.262488162)nd133:4.806654977,sp56:8.328392318)nd44:18.05793767)nd28:1.495146913)nd23:11.75545399)nd1;
sp17 0
sp30 1
sp32 0
sp37 0
sp38 1
sp42 2
sp43 2
sp45 1
sp47 1
sp51 1
sp53 0
sp55 2
sp56 0
sp57 1
sp58 1
sp60 0
sp62 2
sp63 0
sp64 0
sp65 0
sp66 2
sp72 1
sp73 2
sp74 0
sp76 1
sp78 0
sp79 0
sp82 0
sp83 2
sp84 2
sp85 2
sp86 2
sp87 2
sp88 0
sp89 0
sp90 1
sp91 2
sp92 0
sp93 0
sp94 1
sp95 0
sp97 1
sp99 2
sp100 2
sp101 2
sp102 2
sp103 1
sp104 1
sp105 2
sp106 0
sp107 0
sp108 0
sp109 0
sp110 0
sp111 2
sp112 2
sp113 2
sp115 0
sp116 0
sp117 1
sp118 0
sp119 0
sp120 1
sp121 1
sp122 1
sp123 2
sp126 2
sp127 1
sp128 0
sp129 1
sp130 0
sp132 1
sp133 1
sp134 0
sp135 2
sp136 2
sp137 2
sp138 2
sp139 1
sp140 1
sp141 1
sp143 1
sp144 2
sp145 2
sp146 2
sp148 2
sp150 2
sp151 1
sp152 1
sp153 0
sp154 0
sp155 2
sp156 1
sp157 1
sp158 2
sp159 2
sp160 2
sp161 1
sp162 1
sp163 1
sp164 2
sp165 2
sp166 0
sp168 2
sp169 2
sp170 1
sp171 0
sp172 0
sp173 2
sp174 2
sp175 2
sp176 2
sp177 2
sp178 2
sp179 2
sp180 2
sp181 2
sp182 1
sp183 1
sp184 2
sp185 2
sp186 0
sp187 0
sp188 1
sp189 1
sp190 1
sp191 2
sp192 1
sp193 2
sp194 1
sp195 1
sp196 0
sp197 0
sp198 2
sp199 2
sp200 0
sp201 0
sp202 1
sp203 1
sp204 2
sp205 2
sp206 2
sp207 2
sp208 2
sp209 2
sp210 1
sp211 1
sp212 1
sp213 2
sp214 2
sp215 2
sp216 2
sp217 2
sp218 2
sp219 2
sp220 1
sp221 1
sp222 2
sp223 2
sp224 2
sp225 0
sp226 0
sp227 2
sp228 2
nd1 0.299856476333717 0.379963103530762 0.32018042013552
nd2 0.298697225903586 0.382006007777992 0.319296766318422
nd5 0.298145875541142 0.382478576674092 0.319375547784765
nd7 0.327988463289349 0.386577181957528 0.285434354753123
nd8 0.406872906484386 0.379160266405596 0.213966827110018
nd9 0.342498888654247 0.383343669309091 0.274157442036662
nd11 0.532326410630649 0.452746941370806 0.0149266479985458
nd20 0.394574280187092 0.423860201279937 0.181565518532971
nd21 0.164622393960759 0.334529765014012 0.500847841025229
nd23 0.33795152477879 0.383797672042013 0.278250803179197
nd24 0.627244311766141 0.349642166891086 0.0231135213427729
nd28 0.369591542251461 0.388853727412701 0.241554730335838
nd30 0.401936258592627 0.394771222677821 0.203292518729552
nd32 0.139990800616872 0.312520559756165 0.547488639626962
nd34 0.437474783318853 0.494984337609733 0.0675408790714143
nd35 0.485953560850193 0.402664585792902 0.111381853356904
nd36 0.019069628021229 0.109717233936442 0.871213138042329
nd37 0.19502485635408 0.316175516114115 0.488799627531805
nd38 0.0198681561561098 0.125773928464972 0.854357915378918
nd39 0.396013833597195 0.428050174257414 0.17593599214539
nd41 0.352678307482145 0.416409749875644 0.230911942642212
nd42 0.636717287098306 0.32085714940505 0.0424255634966436
nd43 0.31358529398791 0.418858078191376 0.267556627820713
nd44 0.818853795806149 0.171785685282789 0.00936051891106196
nd47 0.0185874113288299 0.234307001479073 0.747105587192097
nd48 0.422459702903105 0.432128149690752 0.145412147406143
nd49 0.334302024003097 0.468187379776008 0.197510596220894
nd51 0.000897704957698904 0.0650298047333295 0.934072490308972
nd58 0.452426958757812 0.446838590952789 0.100734450289399
nd59 0.537388918075368 0.391125816183617 0.0714852657410151
nd60 0.347005414020854 0.471508981311484 0.181485604667662
nd62 0.380992595082817 0.460421433125269 0.158585971791914
nd66 0.00752297184092116 0.0679685786510424 0.924508449508037
nd67 0.41692530375345 0.507165192813458 0.0759095034330921
nd68 0.450699392539248 0.492401772824576 0.0568988346361758
nd70 0.48022466264508 0.42347340655553 0.0963019307993902
nd74 0.19433695663826 0.478585270539592 0.327077772822148
nd76 0.477880600193915 0.428714321888585 0.0934050779175002
nd78 0.511400471944425 0.479090040514196 0.00950948754137878
nd79 0.128950412070118 0.861909846614249 0.0091397413156328
nd80 0.490389804326688 0.401986426576795 0.107623769096518
nd82 0.510411190912818 0.465500624083581 0.0240881850036005
nd84 0.712991523978309 0.264771736437895 0.0222367395837957
nd85 0.574434117055792 0.420511688427346 0.00505419451686165
nd86 0.734035916789365 0.255979750919674 0.0099843322909603
nd88 0.605033848153563 0.347170580678142 0.0477955711682951
nd90 0.596586628308851 0.391615490432562 0.0117978812585868
nd93 0.930313834955539 0.0685774945185254 0.00110867052593566
nd94 0.331567516999861 0.500947917364087 0.167484565636052
nd95 0.20033937931461 0.573272753633172 0.226387867052219
nd97 0.000175883151178149 0.00910657166775309 0.990717545181069
nd99 0.0587508354997753 0.30064111974787 0.640608044752355
nd100 0.142158841000303 0.506089690764757 0.35175146823494
nd101 0.132266118775253 0.47994897341632 0.387784907808427
nd102 0.282113938085544 0.583046185010139 0.134839876904317
nd103 8.32145465117622e-05 0.00716176908411183 0.992755016369376
nd104 0.000156598078637788 0.0150445961418733 0.984798805779489
nd105 0.906744471882026 0.0909545114804545 0.00230101663751911
nd108 0.00499975926989536 0.144283551812552 0.850716688917553
nd109 0.208001251071577 0.632730757658467 0.159267991269956
nd110 0.598741900905234 0.39736854305824 0.00388955603652591
nd111 0.537969178790054 0.454537757871786 0.00749306333816004
nd113 0.000346166051270018 0.0124587146568569 0.987195119291873
nd114 0.920003027481161 0.0789985629994155 0.000998409519423627
nd115 0.00476988605098697 0.138704127871512 0.856525986077501
nd116 0.00157142066899015 0.997639861560887 0.000788717770123152
nd117 9.31368947050592e-05 0.0140369760650522 0.985869887040243
nd118 0.000494438227288603 0.0189689223665886 0.980536639406123
nd119 0.449472190281192 0.483140191556723 0.0673876181620843
nd120 0.738649978428152 0.254891269978811 0.00645875159303758
nd121 0.921334781695734 0.0775899567185943 0.00107526158567214
nd122 0.0254138633597502 0.643937684799843 0.330648451840407
nd123 0.0792724216394306 0.796812861702887 0.123914716657682
nd124 0.0157121059960652 0.983155121423437 0.00113277258049769
nd126 0.422196709828852 0.533006500155631 0.0447967900155173
nd127 0.231733657147911 0.576363007124758 0.191903335727331
nd128 2.35455155653013e-05 0.00380256749322369 0.996173886991211
nd129 9.96797881750549e-05 0.00517640913358293 0.994723911078242
nd130 0.0567071407756391 0.293161334265891 0.650131524958469
nd132 0.0209913537417822 0.974635054272497 0.00437359198572078
nd133 0.957608925096577 0.0419053167706127 0.000485758132810202
nd136 0.846546926703144 0.151045925324973 0.0024071479718833
nd138 0.00302289917735113 0.0620107991164155 0.934966301706233
nd139 0.0419950840015245 0.956778429816773 0.00122648618170301
nd140 0.974859588535922 0.0249093284682776 0.0002310829958
nd141 0.0940908051421392 0.903590572926708 0.00231862193115305
nd144 1.14106801083015e-06 0.000590543978477315 0.999408314953512
nd145 5.26774974950255e-05 0.00366465602768684 0.996282666474818
nd146 0.000696900562267716 0.0254127029104278 0.973890396527304
nd147 5.6042184636671e-05 0.00335363250059363 0.99659032531477
nd148 0.409512228174659 0.476550866665903 0.113936905159438
nd149 0.00909630811897863 0.12947551270033 0.861428179180691
nd150 0.453737044122784 0.497031319893414 0.049231635983802
nd151 1.11155845884739e-06 0.000645329427460365 0.999353559014081
nd152 0.000281337760984413 0.0244936603043971 0.975225001934618
nd154 6.72953025815082e-05 0.00805333779586231 0.991879366901556
nd156 0.525175742835271 0.469154548596229 0.00566970856849993
nd157 1.39163353582336e-07 0.000603401552793253 0.999396459283853
nd158 0.691555053316062 0.307528254995797 0.000916691688141583
nd159 0.999981877150789 1.79628861973695e-05 1.59963014074628e-07
nd160 2.71976120976576e-08 8.68711636901045e-05 0.999913101638698
nd161 0.929626836730366 0.0697362133087582 0.000636949960876373
nd163 0.0035261430639404 0.99624800595065 0.000225850985410011
nd165 0.995969451848928 0.00399157231053115 3.89758405412861e-05
nd166 0.00425801666748429 0.0639451766218849 0.931796806710631
nd167 1.0888422159728e-07 0.000123061438442721 0.999876829677336
nd168 2.30372609152464e-06 0.000678418861689407 0.999319277412219
nd169 2.4567987873186e-06 0.000601098123552332 0.99939644507766
nd170 0.000616228044260762 0.0499437226122377 0.949440049343502
nd171 0.263943575850142 0.6317778440944 0.104278580055458
nd172 0.000107285120823172 0.0161152684050212 0.983777446474156
nd173 0.00017053152518895 0.0142853523328363 0.985544116141975
nd174 0.0342469453166536 0.143964056425198 0.821788998258148
nd175 0.0328046885952138 0.966435839691704 0.000759471713082476
nd176 6.94019284860864e-08 0.000117045564469141 0.999882885033602
nd177 9.47547306060503e-07 0.000229336083140233 0.999769716369554
nd179 0.000100914580215895 0.00549646253948753 0.994402622880297
nd180 9.46274150944828e-07 0.000762006353901301 0.999237047371948
nd181 0.0838069069164951 0.808045435380382 0.108147657703123
nd182 2.29509536501701e-06 0.000617943425680239 0.999379761478955
nd183 7.56129903457314e-07 0.000388738761821774 0.999610505108275
nd184 0.290042322244139 0.697537728848102 0.0124199489077593
nd185 0.0217760982795236 0.976926045123271 0.00129785659720595
nd186 2.25443206688099e-07 0.000253679513565018 0.999746095043228
nd188 1.89241906261578e-08 0.00288356079511434 0.997116420280695
nd189 0.432421606353676 0.566083364161606 0.00149502948471837
nd190 4.29212562776909e-09 3.97141832275943e-05 0.999960281524647
nd191 1.01983095243672e-08 5.32219116898671e-05 0.999946767890001
nd192 1.09172791408561e-10 5.14270373389235e-06 0.999994857187093
nd193 1.01325422833304e-07 0.000117330001389638 0.999882568673187
nd195 0.0138479246885875 0.985611741059408 0.000540334252004178
nd196 0.44166885631472 0.5572557988315 0.0010753448537801
nd197 4.78044183135435e-06 0.0063488990401669 0.993646320518002
nd198 0.0237221557556973 0.975453242054645 0.000824602189657396
nd199 0.00234412315826375 0.997486756449999 0.000169120391737488
nd200 9.75225091575422e-07 0.000845075773352676 0.999153949001556
nd201 1.99932670082744e-07 0.000179042155866254 0.999820757911464
nd202 0.0627828697506625 0.934658354208005 0.00255877604133268
nd203 0.000437612931479206 0.999461981081316 0.000100405987204532
nd204 6.89465150418037e-07 0.00141773515654445 0.998581575378305
nd205 9.23142731493123e-08 9.72703584569649e-05 0.99990263732727
nd206 0.990019160436263 0.00993496110934797 4.58784543891406e-05
nd207 1.32336478003181e-07 9.13597084121877e-05 0.99990850795511
nd208 5.2836833572157e-11 1.79132493073252e-06 0.999998208622232
nd209 0.00106536706415923 0.0108918586109254 0.988042774324915
nd210 3.9886510172041e-10 2.58993515196309e-05 0.999974100249615
nd211 3.16706599494804e-08 7.04529870244479e-05 0.999929515342316
nd212 3.87212415335015e-08 4.52553916614152e-05 0.999954705887097
nd213 6.22745262561313e-09 6.08231583033876e-06 0.999993911456717
nd214 1.25803518916881e-09 1.12896885188307e-05 0.999988709053446
nd215 1.47163063010364e-10 4.35106056111944e-06 0.999995648792276
nd216 3.70273692587645e-05 0.999960690028509 2.28260223192691e-06
nd217 2.14134780738508e-08 4.30162101226656e-05 0.999956962376399
nd218 0.994566591314502 0.00541642159272648 1.69870927715247e-05
nd219 0.000243588165306409 0.99973518516117 2.12266735233948e-05
nd220 3.53589084634202e-06 0.0130700581842053 0.986926405924948
nd221 0.97445754968493 0.0255191892804922 2.32610345780675e-05
nd222 4.48145366669364e-12 3.9344230220259e-07 0.999999606553216
nd223 1.6504644614915e-12 1.76694598874995e-07 0.999999823303751
nd224 2.19210045089514e-08 0.00317499229545178 0.996824985783544
nd225 1.30151247580823e-14 3.0062565716507e-07 0.99999969937433
nd226 3.35639038886613e-15 2.88548913042146e-08 0.999999971145105
nd227 1.51252588698808e-14 5.12912561283631e-09 0.999999994870859
